3 3 2 2 4 3 2 4 4 2 4 4 2 4 2 5 4 5 2 5 4 2 5 3 3 1 2 3 4 2 5 4 4 5 3 4 4 4 2 4 3 2 4   2 4 5 2 1 1 1 0   0 1 1 0 0 1 0 1 0 0 1 161
3 4 5 3 2 2 2 2 2 4 2 5 2 2 2 5 4 1 3 3 5 1 4 4 3 5 5 3 2 3 1 4 3 2 3 4 2 4 3 1 2 3 2   3 4 1 3 1 1 0 0   1 1 1 1 0 1 0 1 0 0 1 510
5 5 5 2 5 5 5 4 5 5 5 3 4 1 4 2 1 2 2 4 3 4 3 3 5 4 4 4 3 3 2 5 2 5 2 5 3 5 1 4 2 4 2   4 3 4 2 1 1 0 0   0 1 0 0 0 0 1 1 0 1 1 651
5 5 5 1 5 5 5 4 5 5 5 4 2 2 2 5 3 1 4 2 5 1 5 2 4 2 2 4 3 4 1 4 1 4 2 4 1 5 2 4 2 4 1   4 2 4 1 0 0 0 0   0 0 0 0 0 0 0 0 0 0 0 620
3 2 2 3 4 1 3 2 2 1 2 4 3 1 4 3 3 2 3 2 2 5 2 2 4 1 3 3 4 1 4 3 3 3 3 1 4 1 3 2 4 2 2   3 4 3 2 1 1 1 0   1 1 1 1 0 1 0 1 1 1 1 200
3 4 5 3 5 4 5 5 5 4 5 4 4 2 2 5 4 4 5 2 5 3 4 4 2 4 2 4 2 3 1 3 2 4 2 4 3 5 3 4 3 4 2   5 2 4 2 0 1 1 1   1 1 0 1 1 1 1 1 0 0 0 531
4 5 5 2 5 4 4 5 5 5 4 2 3 1 4 3 1 1 1 5 1 5 3 2 5 2 2 4 2 4 1 4 2 5 2 4 1 5 1 4 2 5 1   5 3 4 2 1 1 0 1   1 1 0 0 0 1 1 1 0 0 0 790
3 3 4 3 5 4 3 2 3 4 3 3 3 1 3 4 4 2 2 2 3 3 2 3 3 3 2 3 3 3 3 3 3 2 3 3 2 4 4 2 4 2 2   3 2 4 2 1 1 1 1   1 1 0 0 0 1 1 1 1 1 1 590
4 5 5 2 4 4 4 4 4 4 4 2 2 2 3 4 2 4 3 2 4 2 3 4 4 3 3 4 3 4 1 4 1 4 1 4 1 4 1 3 3 4 1   4 3 4 3 1 0 0 0.5 1 1 1 1 1 1 1 0 0 1 1 460
5 5 5 1 5 5 5 5 5 5 5 2 4 2 4 2 2 4 4 2 4 2 4 1 5 1 2 4 2 4 1 5 1 4 1 4 2 5 1 5 1 5 2   4 2 4 1 1 1 0 1   1 1 0 1 1 0 1 1 1 1 1 560
4 4 4 2 5 4 4 4 5 5 3 5 2 2 5 3 1 3 3 4 3 5 2 3 5 3 2 4 2 4 1 5 2 5 1 4 1 5 1 4 4 5 1   4 5 5 1 1 1 1 0   0 1 0 1 0 0 0 0 0 1 0 610
4 3 5 1 5 5 4 5 5 5 5 2 3 3 4 2 1 1 2 4 1 2 3 1 5 1 1 4 2 5 1 5 1 5 2 4 1 5 2 4 3 5 1   5 3 5 1 1 1 0 0   0 0 1 0 0 1 1 1 0 0 0 240
4 4 5 2 4 4 4 3 4 3 4 3 3 2 4 4 2 1 1 4 3 3 2 2 5 2 2 4 2 4 2 4 3 3 2 2 2 4 3 2 3 4 2   4 2 4 1 0 1 0 0   0 0 1 1 0 0 1 1 1 1 1 551
3 3 5 4 4 5 2 4 2 3 2 5 2 4 4 4 2 2 4 2 4 5 1 2 5 1 1 4 1 4 1 5 1 5 1 4 1 4 1 5 4 4 2   4 4 5 1 1 0 1 1   1 1 1 1 0 1 0 1 1 1 1 251
3 4 3 3 4 3 3 4 3 3 3 3 3 2 3 3 2 3 3 3 3 3 3 3 4 3 3 2 2 2 2 2 2 2 2 2 2 2 2 2 4 2 2   2 4 2 2 0 0 0 0   0 0 0 0 0 0 1 1 0 1 0 631
4 4 4 2 4 3 4 4 4 4 4 3 3 3 3 3 2 2 2 4 2 3 2 2 4 2 2 4 2 3 2 4 4 2 3 2 3 2 4 2 3 3 2   3 4 4 2 0 0 0 0   1 0 0 0 0 0 0 0 0 0 0 811
5 4 5 1 5 4 4 4 4 4 4 3 3 5 4 2 1 1 2 5 1 4 4 2 5 1 2 4 2 5 1 4 3 4 2 4 3 5 1 4 2 5 1   5 1 4 1 1 0 1 1   1 0 0 0 0 0 0 1 0 1 0 680
4 4 5 2 3 4 4 4 4 3 4 2 2 4 4 2 1 2 2 4 2 4 2 2 5 1 2 3 2 2 2 3 3 3 2 3 3 4 3 2 3 4 2   4 3 4 3 0 0 0 0   0 0 0 0 0 0 1 1 0 0 0 721
1 1 2 5 1 1 1 2 1 1 1 5 2 4 2 4 4 4 4 4 4 2 5 4 4 2 4 4 4 4 1 3 2 2 2 4 4 4 3 4 2 4 3   5 4 3 2 0 1 0 0   0 1 0 0 0 1 1 1 0 1 1 251
3 3 4 3 3 5 3 4 3 4 3 4 3 1 3 2 3 5 4 3 2 3 3 5 4 2 1 3 3 3 1 3 3 3 1 3 3 3 3 3 3 3 1   3 5 3 5 1 1 0 0   0 0 1 1 0 1 0 1 1 0 1 180
4 5 5 4 5 4 4 5 4 5 5 3 5 1 3 4 2 3 4 4 5 3 3 4 4 2 1 4 3 2 3 4 3 2 3 3 2 4 2 3 2 2 1   5 2 4 1 1 1 0 0   0 1 0 0 0 1 0 1 0 0 1 530
3 3 5 3 2 2 2 2 2 3 2 2 4 4 4 1 2 4 4 2 4 4 2 4 4 2 1 4 3 4 1 4 2 4 1 4 1 5 1 4 2 4 2   4 2 4 1 0 0 0 0   0 0 1 0 0 1 0 1 0 0 1 301
5 5 5 1 5 5 4 4 4 4 4 3 5 1 3 3 2 2 3 3 4 3 2 3 2 2 2 4 2 4 1 4 1 4 1 4 2 3 1 4 1 4 1   4 2 4 2 0 0 0 0   0 0 1 0 0 0 0 0 0 0 0 641
2 3 4 2 3 3 3 3 3 4 3 2 3 1 3 3 4 4 4 3 5 2 3 3 3 2 2 4 2 3 1 4 2 4 1 4 1 5 1 4 4 3 2   4 3 4 2 1 1 1 0   0 1 0 1 1 1 0 0 0 0 1 470
4 4 3 2 3 4 3 4 3 1 3 5 1 3 3 4 3 5 4 2 3 2 5 4 2 3 3 3 2 4 2 3 1 4 1 2 4 4 3 3 3 5 2   4 1 4 2 0 1 0 0   0 1 0 0 0 1 1 1 0 1 1 131
3 3 4 2 3 4 3 3 3 3 3 2 3 3 3 3 2 3 1 3 3 3 3 4 4 3 4 3 3 3 2 3 3 4 3 2 3 3 3 3 3 3 3   3 3 3 4 0 1 1 1   0 1 0 0 0 1 0 0 0 1 1 161
3 4 5 2 3 3 3 2 2 3 3 2 4 1 3 3 2 3 2 4 1 1 4 5 1 1 3 2 4 3 5 2 3 2 5 2 3 4 4 2 4 4 4.5 3 2 2 4 1 1 1 0   0 1 0 0 0 1 0 1 0 0 0 141
5 4 4 1 5 3 4 4 4 4 5 5 2 2 4 2 1 3 4 2 2 4 4 3 5 2 2 5 1 4 2 5 1 5 1 5 1 5 2 4 3 4 1   5 2 4 2 1 1 0 1   0 1 0 0 1 1 1 0 0 1 1 671
5 5 5 3 3 5 4 4 5 4 4 3 5 4 3 1 1 3 4 3 4 3 5 5 5 5 4 2 4 3 3 3 3 2 2 2 3 4 1 2 5 4 3   3 2 2 4 1 1 1 1   0 1 1 1 1 1 0 0 0 1 1 150
4 4 4 1 4 4 3 3 4 3 3 3 3 2 3 3 1 1 1 5 3 4 1 1 5 1 3 4 3 3 2 4 1 4 1 4 3 5 1 3 1 4 1   4 4 5 1 1 0 0 0   1 1 0 1 1 0 0 1 0 0 0 610
4 5 2 2 4 3 4 5 4 5 4 4 2 1 4 3 1 2 2 4 5 1 2 2 4 1 4 4 2 5 1 5 2 3 2 4 1 3 4 2 2 2 2   4 3 4 2 0 0 0 1   1 0 0 0 0 0 1 1 1 0 0 811
4 5 3 1 5 3 4 4 4 4 3 1 4 1 3 4 1 2 3 3 4 3 1 2 5 1 2 4 2 4 1 4 2 4 1 3 1 5 2 5 2 4 1   4 2 4 1 1 0 0 0   1 1 0 0 1 0 0 0 0 1 1 691
